4294967294,0
4294967278,341
4294967278,0
4294967278,296
4294967279,408
4294967278,295
4294967294,6
4294967279,407
4294967294,7
4294967278,132
4294967278,131
4294967278,130
4294967278,129
4294967278,128
4294967278,127
4294967278,255
4294967278,126
4294967278,125
4294967278,124
4294967278,123
4294967278,122
4294967278,251
4294967278,121
4294967278,120
4294967278,247
4294967278,119
4294967278,118
4294967278,243
4294967278,117
4294967278,116
4294967278,115
4294967278,114
4294967278,113
4294967278,112
4294967278,111
4294967278,110
4294967278,109
4294967278,227
4294967278,108
4294967278,225
4294967278,107
4294967278,106
4294967278,105
4294967278,219
4294967278,104
4294967278,217
4294967278,103
4294967278,102
4294967278,101
4294967278,100
4294967278,99
4294967278,98
4294967278,97
4294967278,96
4294967278,95
4294967278,94
4294967278,93
4294967278,92
4294967278,91
4294967278,90
4294967278,89
4294967278,87
4294967278,86
4294967278,85
4294967278,84
4294967278,83
4294967278,82
4294967278,81
4294967278,80
4294967278,79
4294967278,78
4294967278,77
4294967278,76
4294967278,75
4294967278,74
4294967278,73
4294967278,72
4294967278,71
4294967278,70
4294967278,69
4294967278,68
4294967278,67
4294967278,66
4294967278,65
4294967278,64
4294967278,63
4294967278,62
4294967278,61
4294967278,60
4294967278,59
4294967278,58
4294967278,57
4294967278,56
4294967278,55
4294967278,54
4294967278,53
4294967278,52
4294967278,51
4294967278,50
4294967278,49
4294967278,46
4294967278,45
4294967278,44
4294967278,43
4294967278,42
4294967278,41
4294967278,40
4294967278,39
4294967279,32
4294967279,31
4294967279,30
4294967279,27
4294967279,138
4294967279,277
4294967279,24
4294967279,134
4294967279,22
4294967279,20
4294967279,289
4294967279,282
4294967279,15
4294967279,288
4294967279,286
4294967279,9
4294967279,8
4294967279,7
4294967279,6
4294967279,5
4294967279,4
4294967278,48
0,5
4294967279,406
4294967279,260
4294967279,0
4294967278,340
4294967278,260
4294967278,47
4294967279,405
4294967279,404
29,7
4294967278,339
29,6
29,5
29,4
29,3
29,2
29,1
4294967279,403
4294967278,338
4294967279,402
4294967279,401
4294967278,337
4294967279,400
4294967279,399
4294967278,336
4294967279,398
4294967278,335
4294967279,397
4294967278,334
4294967279,396
4294967278,333
4294967278,332
4294967279,395
4294967278,331
4294967279,394
4294967294,1087
4294967279,393
4294967278,330
4294967279,392
4294967278,329
4294967278,328
4294967279,391
26,6
4294967278,327
4294967278,326
4294967279,390
26,5
26,4
26,3
26,2
26,1
4294967278,325
24,6
4294967294,476
4294967278,324
4294967279,389
4294967278,323
4294967279,388
24,5
24,4
24,3
24,2
24,1
4294967279,387
4294967278,322
4294967279,386
4294967278,321
4294967279,385
4294967278,320
4294967278,319
22,6
4294967278,318
4294967279,384
4294967278,317
4294967279,319
4294967278,316
4294967279,318
4294967278,315
4294967279,317
4294967278,314
22,5
22,4
22,3
22,2
22,1
4294967278,313
4294967279,316
20,4
20,3
20,2
20,1
4294967278,312
4294967279,315
4294967278,311
4294967278,310
19,5
19,4
19,3
19,2
19,1
4294967279,314
18,4
18,3
18,2
18,1
4294967279,313
4294967294,439
4294967279,312
4294967278,309
4294967278,308
17,5
17,4
17,3
17,2
17,1
4294967279,311
4294967278,307
4294967279,310
16,4
16,3
16,2
16,1
4294967278,306
4294967294,475
15,4
15,3
15,2
15,1
4294967278,305
4294967294,1241
4294967294,1242
4294967279,309
4294967278,304
4294967278,303
14,6
4294967279,308
4294967279,307
14,5
14,4
14,3
14,2
14,1
13,4
13,3
13,2
13,1
4294967278,302
4294967279,306
4294967279,305
12,5
12,4
12,3
12,2
12,1
11,4
11,3
11,2
11,1
4294967279,304
4294967278,301
4294967279,303
4294967279,302
4294967279,301
4294967279,300
4294967278,300
4294967294,474
4294967278,299
4294967293,131
4294967293,130
4294967293,129
4294967293,128
4294967293,127
4294967293,126
4294967293,125
4294967293,124
4294967293,123
4294967293,122
4294967293,121
4294967293,120
4294967293,119
4294967293,118
